0 0.581399 0.624072 0.684614 0.624072 0.684614 0.679737 0.581399 0.679737 0.581399 0.624072
0 0.262266 0.076883 0.292067 0.076883 0.292067 0.132518 0.262266 0.132518 0.262266 0.076883
1 0.460938 0.230715 0.574309 0.230715 0.574309 0.261353 0.460938 0.261353 0.460938 0.230715
1 0.768784 0.322284 0.794188 0.322284 0.794188 0.435732 0.768784 0.435732 0.768784 0.322284
1 0.034959 0.312336 0.184192 0.312336 0.184192 0.345089 0.034959 0.345089 0.034959 0.312336
1 0.833973 0.322180 0.859803 0.322180 0.859803 0.436316 0.833973 0.436316 0.833973 0.322180
1 0.669656 0.320356 0.695504 0.320356 0.695504 0.434150 0.669656 0.434150 0.669656 0.320356
1 0.034959 0.100278 0.183938 0.100278 0.183938 0.131671 0.034959 0.131671 0.034959 0.100278
1 0.464498 0.167500 0.576192 0.167500 0.576192 0.193705 0.464498 0.193705 0.464498 0.167500
1 0.034410 0.141749 0.183840 0.141749 0.183840 0.175562 0.034410 0.175562 0.034410 0.141749
1 0.931865 0.321600 0.957098 0.321600 0.957098 0.435272 0.931865 0.435272 0.931865 0.321600
1 0.460938 0.068246 0.576454 0.068246 0.576454 0.096049 0.460938 0.096049 0.460938 0.068246
0 0.610038 0.497710 0.666891 0.497710 0.666891 0.527146 0.610038 0.527146 0.610038 0.497710
1 0.461955 0.101696 0.576385 0.101696 0.576385 0.125041 0.461955 0.125041 0.461955 0.101696
1 0.460429 0.000913 0.576625 0.000913 0.576625 0.028910 0.460429 0.028910 0.460429 0.000913
1 0.736160 0.322190 0.760855 0.322190 0.760855 0.435855 0.736160 0.435855 0.736160 0.322190
1 0.036056 0.439091 0.184569 0.439091 0.184569 0.472920 0.036056 0.472920 0.036056 0.439091
1 0.462463 0.134450 0.575973 0.134450 0.575973 0.157593 0.462463 0.157593 0.462463 0.134450
1 0.463989 0.199494 0.573924 0.199494 0.573924 0.223206 0.463989 0.223206 0.463989 0.199494
1 0.036056 0.396386 0.185010 0.396386 0.185010 0.430675 0.036056 0.430675 0.036056 0.396386
1 0.033861 0.226917 0.185280 0.226917 0.185280 0.261697 0.033861 0.261697 0.033861 0.226917
1 0.898530 0.321606 0.923562 0.321606 0.923562 0.435788 0.898530 0.435788 0.898530 0.321606
1 0.034959 0.014600 0.186214 0.014600 0.186214 0.048828 0.034959 0.048828 0.034959 0.014600
1 0.638862 0.321880 0.662909 0.321880 0.662909 0.438084 0.638862 0.438084 0.638862 0.321880
1 0.034959 0.353790 0.184626 0.353790 0.184626 0.387882 0.034959 0.387882 0.034959 0.353790
1 0.800896 0.322764 0.825893 0.322764 0.825893 0.436978 0.800896 0.436978 0.800896 0.322764
1 0.865867 0.322025 0.891281 0.322025 0.891281 0.435265 0.865867 0.435265 0.865867 0.322025
1 0.035507 0.057383 0.186827 0.057383 0.186827 0.089427 0.035507 0.089427 0.035507 0.057383
0 0.044974 0.609258 0.081729 0.609258 0.081729 0.674811 0.044974 0.674811 0.044974 0.609258
0 0.580078 0.002191 1.000000 0.002191 1.000000 0.317007 0.580078 0.317007 0.580078 0.002191
1 0.965669 0.320848 0.990902 0.320848 0.990902 0.434521 0.965669 0.434521 0.965669 0.320848
1 0.704962 0.320356 0.730811 0.320356 0.730811 0.434150 0.704962 0.434150 0.704962 0.320356
1 0.460429 0.034991 0.576625 0.034991 0.576625 0.062988 0.460429 0.062988 0.460429 0.034991
1 0.033313 0.181799 0.182742 0.181799 0.182742 0.215612 0.033313 0.215612 0.033313 0.181799
1 0.032764 0.268994 0.181997 0.268994 0.181997 0.301747 0.032764 0.301747 0.032764 0.268994
0 0.000000 0.005229 0.029128 0.005229 0.029128 0.491486 0.000000 0.491486 0.000000 0.005229
1 0.000000 0.495606 0.002688 0.495606 0.002688 0.655388 0.000000 0.655388 0.000000 0.495606
1 0.668017 0.496763 0.676499 0.496763 0.676499 0.526326 0.668017 0.526326 0.668017 0.496763
1 0.601236 0.497035 0.609717 0.497035 0.609717 0.526598 0.601236 0.526598 0.601236 0.497035
1 0.580774 0.617373 0.567375 0.617373 0.567375 0.685397 0.580774 0.685397 0.580774 0.617373
1 0.685902 0.619177 0.695436 0.619177 0.695436 0.688489 0.685902 0.688489 0.685902 0.619177
1 0.262912 0.067600 0.289677 0.067600 0.289677 0.076280 0.262912 0.076280 0.262912 0.067600
1 0.262912 0.134151 0.290039 0.134151 0.290039 0.142470 0.262912 0.142470 0.262912 0.134151
1 0.047707 0.598922 0.078089 0.598922 0.078089 0.608688 0.047707 0.608688 0.047707 0.598922
1 0.046983 0.675239 0.079174 0.675239 0.079174 0.685004 0.046983 0.685004 0.046983 0.675239
