0 0.325120 0.587741 0.439930 0.585386 0.438984 0.635846 0.324027 0.637143 0.325120 0.587741
1 0.454524 0.232367 0.585583 0.221247 0.585177 0.249107 0.454021 0.259585 0.454524 0.232367
1 0.215035 0.330509 0.241470 0.328658 0.239051 0.426274 0.212551 0.427639 0.215035 0.330509
1 0.147974 0.335116 0.174169 0.333282 0.171572 0.430246 0.145314 0.431596 0.147974 0.335116
1 0.319274 0.321536 0.347255 0.319569 0.345094 0.419421 0.317041 0.420873 0.319274 0.321536
1 0.453438 0.176548 0.582215 0.164308 0.581866 0.188036 0.453008 0.199740 0.453438 0.176548
0 0.346904 0.475329 0.409814 0.472728 0.409296 0.499058 0.346343 0.501356 0.346904 0.475329
1 0.249777 0.327995 0.275812 0.326172 0.273473 0.424608 0.247373 0.425952 0.249777 0.327995
1 0.455471 0.204637 0.582389 0.193228 0.582073 0.214736 0.455082 0.225665 0.455471 0.204637
1 0.084444 0.339088 0.109205 0.337352 0.106454 0.433149 0.081636 0.434427 0.084444 0.339088
1 0.354578 0.320387 0.380946 0.318540 0.378828 0.421156 0.352391 0.422507 0.354578 0.320387
1 0.182404 0.333199 0.208089 0.331403 0.205571 0.429065 0.179825 0.430386 0.182404 0.333199
1 0.116409 0.337196 0.141866 0.335413 0.139213 0.431021 0.113698 0.432337 0.116409 0.337196
1 0.281523 0.324191 0.309110 0.322251 0.306851 0.421400 0.279195 0.422832 0.281523 0.324191
1 0.336434 0.474927 0.345690 0.474543 0.345126 0.500676 0.335863 0.501015 0.336434 0.474927
1 0.410185 0.472109 0.419698 0.471715 0.419184 0.498206 0.409665 0.498554 0.410185 0.472109
1 0.456021 0.578978 0.440754 0.579308 0.439600 0.640978 0.454892 0.640820 0.456021 0.578978
1 0.313458 0.583653 0.323813 0.583433 0.322450 0.644937 0.312078 0.645039 0.313458 0.583653
