0 0.371484 0.592406 0.486927 0.587344 0.489373 0.638292 0.372662 0.644489 0.371484 0.592406
1 0.478291 0.257242 0.591164 0.259043 0.592958 0.282520 0.479482 0.281201 0.478291 0.257242
1 0.244986 0.328992 0.273391 0.329073 0.273504 0.425911 0.244456 0.426319 0.244986 0.328992
1 0.170303 0.328691 0.199933 0.328776 0.198360 0.427482 0.168037 0.427911 0.170303 0.328691
1 0.353746 0.327716 0.381556 0.327803 0.384066 0.423004 0.355649 0.423396 0.353746 0.327716
1 0.473982 0.208604 0.584087 0.211328 0.585571 0.230954 0.474968 0.228618 0.473982 0.208604
1 0.055951 0.327860 0.086039 0.327949 0.081783 0.428188 0.050967 0.428619 0.055951 0.327860
0 0.388577 0.477968 0.450765 0.476500 0.451818 0.502146 0.389279 0.503911 0.388577 0.477968
1 0.282198 0.329019 0.309459 0.329097 0.310382 0.425500 0.282510 0.425891 0.282198 0.329019
1 0.472971 0.183641 0.584190 0.186894 0.585492 0.204008 0.473832 0.201094 0.472971 0.183641
1 0.477480 0.233111 0.586394 0.235324 0.587753 0.253278 0.478392 0.251417 0.477480 0.233111
1 0.095873 0.327983 0.125325 0.328070 0.121993 0.428089 0.091835 0.428512 0.095873 0.327983
1 0.388806 0.329072 0.414374 0.329147 0.417663 0.425888 0.391531 0.426264 0.388806 0.329072
1 0.209133 0.329294 0.237436 0.329373 0.236729 0.427521 0.207773 0.427933 0.209133 0.329294
1 0.133787 0.328453 0.163306 0.328538 0.160895 0.427076 0.130683 0.427499 0.133787 0.328453
1 0.315313 0.327596 0.343502 0.327684 0.345180 0.423541 0.316367 0.423939 0.315313 0.327596
1 0.377910 0.477387 0.387309 0.477167 0.388006 0.503219 0.378554 0.503485 0.377910 0.477387
1 0.451087 0.475907 0.460244 0.475691 0.461355 0.501397 0.452147 0.501656 0.451087 0.475907
1 0.501938 0.580634 0.487321 0.581259 0.490318 0.643499 0.505127 0.642698 0.501938 0.580634
1 0.359009 0.588414 0.369912 0.587945 0.371359 0.652868 0.360304 0.653472 0.359009 0.588414
1 0.744807 0.191378 0.769216 0.192093 0.769931 0.198026 0.745490 0.197337 0.744807 0.191378
