0 0.410685 0.589998 0.460289 0.557149 0.477126 0.586252 0.427816 0.619228 0.410685 0.589998
0 0.431942 0.175483 0.446308 0.166896 0.463290 0.197407 0.449008 0.206037 0.431942 0.175483
1 0.341727 0.343967 0.397541 0.309589 0.407054 0.326276 0.351425 0.360741 0.341727 0.343967
1 0.260570 0.462893 0.273481 0.454801 0.310025 0.516511 0.297275 0.524673 0.260570 0.462893
1 0.553854 0.271938 0.622253 0.229148 0.631644 0.246480 0.563476 0.289386 0.553854 0.271938
1 0.226947 0.483888 0.240213 0.475574 0.277391 0.537839 0.264291 0.546225 0.226947 0.483888
1 0.309812 0.430591 0.322746 0.422488 0.358798 0.484121 0.346022 0.492297 0.309812 0.430591
1 0.490811 0.157320 0.560620 0.115398 0.569837 0.132408 0.500257 0.174451 0.490811 0.157320
1 0.320669 0.309739 0.376057 0.276036 0.384260 0.290418 0.329029 0.324197 0.320669 0.309739
1 0.503329 0.179908 0.573041 0.137702 0.582920 0.155935 0.513454 0.198271 0.503329 0.179908
1 0.176291 0.515193 0.189456 0.506944 0.227116 0.569235 0.214116 0.577556 0.176291 0.515193
1 0.288639 0.254652 0.346528 0.220106 0.355326 0.235539 0.297611 0.270169 0.288639 0.254652
0 0.380083 0.517320 0.407799 0.499376 0.416889 0.515032 0.389260 0.533014 0.380083 0.517320
1 0.299466 0.273294 0.356606 0.238969 0.363968 0.251881 0.306972 0.286276 0.299466 0.273294
1 0.266701 0.216911 0.325359 0.182375 0.334287 0.198037 0.275808 0.232662 0.266701 0.216911
1 0.277468 0.452231 0.289953 0.444407 0.326365 0.506143 0.314034 0.514037 0.277468 0.452231
1 0.590725 0.339226 0.657916 0.296189 0.667482 0.313842 0.600524 0.356994 0.590725 0.339226
1 0.310198 0.291373 0.366679 0.257227 0.373950 0.269979 0.317611 0.304194 0.310198 0.291373
1 0.332002 0.326693 0.386318 0.293437 0.393714 0.306406 0.339537 0.339728 0.332002 0.326693
1 0.578100 0.316827 0.645790 0.273813 0.655531 0.291789 0.588080 0.334923 0.578100 0.316827
1 0.528083 0.226440 0.598103 0.183343 0.608167 0.201919 0.538401 0.245146 0.528083 0.226440
1 0.193778 0.504240 0.206766 0.496101 0.244377 0.558576 0.231551 0.566786 0.193778 0.504240
1 0.326600 0.421210 0.338571 0.413706 0.375181 0.476540 0.363361 0.484109 0.326600 0.421210
1 0.565827 0.294138 0.634133 0.251073 0.643861 0.269030 0.575796 0.312216 0.565827 0.294138
1 0.244541 0.473301 0.257309 0.465299 0.294300 0.527508 0.281692 0.535580 0.244541 0.473301
1 0.210657 0.493980 0.223775 0.485759 0.260867 0.547628 0.247911 0.555920 0.210657 0.493980
1 0.476475 0.134635 0.547720 0.092211 0.557173 0.109656 0.486167 0.152206 0.476475 0.134635
0 0.685524 0.397634 0.701751 0.386917 0.719940 0.420447 0.703820 0.431217 0.685524 0.397634
1 0.158318 0.525882 0.171555 0.517588 0.209441 0.579980 0.196368 0.588345 0.158318 0.525882
1 0.292060 0.441714 0.305067 0.433564 0.341335 0.495297 0.328487 0.503518 0.292060 0.441714
1 0.277783 0.236076 0.336222 0.201432 0.345114 0.217031 0.286853 0.251763 0.277783 0.236076
1 0.515833 0.201335 0.585241 0.158983 0.595075 0.177135 0.525910 0.219614 0.515833 0.201335
1 0.542089 0.248114 0.610773 0.205497 0.620205 0.222910 0.551754 0.265647 0.542089 0.248114
1 0.688682 0.316061 0.689872 0.315292 0.734208 0.397456 0.733037 0.398234 0.688682 0.316061
1 0.375079 0.519862 0.379236 0.517170 0.388455 0.532935 0.384311 0.535632 0.375079 0.519862
1 0.407747 0.498916 0.411859 0.496253 0.420976 0.511971 0.416875 0.514640 0.407747 0.498916
1 0.464938 0.549213 0.458553 0.553437 0.479128 0.589002 0.485468 0.584759 0.464938 0.549213
1 0.403924 0.590892 0.408550 0.587832 0.429879 0.624223 0.425288 0.627298 0.403924 0.590892
1 0.430239 0.169677 0.443152 0.161972 0.445812 0.166751 0.432912 0.174462 0.430239 0.169677
1 0.450482 0.206343 0.463477 0.198487 0.466007 0.203031 0.453023 0.210893 0.450482 0.206343
1 0.684240 0.391254 0.697666 0.382401 0.700389 0.387418 0.686975 0.396277 0.684240 0.391254
1 0.705062 0.430685 0.719179 0.421252 0.721878 0.426227 0.707775 0.435667 0.705062 0.430685
