0 0.3153858839050132 0.6240723944591029 0.4186006486415863 0.6240723944591029 0.4186006486415863 0.6797372102737427 0.3153858839050132 0.6797372102737427 0.3153858839050132 0.6240723944591029
0 0.7079331278800964 0.07688294351100922 0.7377343773841858 0.07688294351100922 0.7377343773841858 0.13251769542694092 0.7079331278800964 0.13251769542694092 0.7079331278800964 0.07688294351100922
1 0.4256912668546041 0.23071530958016712 0.5390624999999999 0.23071530958016712 0.5390624999999999 0.2613525390624999 0.4256912668546041 0.2613525390624999 0.4256912668546041 0.23071530958016712
1 0.2058117836713791 0.32228419184684753 0.2312162071466446 0.32228419184684753 0.2312162071466446 0.4357323944568634 0.2058117836713791 0.4357323944568634 0.2058117836713791 0.32228419184684753
1 0.815808117389679 0.31233564019203186 0.9650412570224719 0.31233564019203186 0.9650412570224719 0.34508865870786515 0.815808117389679 0.34508865870786515 0.815808117389679 0.31233564019203186
1 0.14019671082496643 0.3221804201602936 0.16602720320224762 0.3221804201602936 0.16602720320224762 0.43631604313850403 0.14019671082496643 0.43631604313850403 0.14019671082496643 0.3221804201602936
1 0.3044956166010636 0.32035608704273516 0.3303445119124192 0.32035608704273516 0.3303445119124192 0.4341496985692244 0.3044956166010636 0.4341496985692244 0.3044956166010636 0.32035608704273516
1 0.8160615563392639 0.10027826577425003 0.9650412570224719 0.10027826577425003 0.9650412570224719 0.13167134831460675 0.8160615563392639 0.13167134831460675 0.8160615563392639 0.10027826577425003
1 0.42380793889363605 0.16750021278858185 0.5355021158854165 0.16750021278858185 0.5355021158854165 0.19370524088541652 0.42380793889363605 0.19370524088541652 0.42380793889363605 0.16750021278858185
1 0.8161603808403015 0.14174887537956238 0.9655898876404494 0.14174887537956238 0.9655898876404494 0.17556179775280897 0.8161603808403015 0.17556179775280897 0.8161603808403015 0.14174887537956238
1 0.04290206357836723 0.32159966230392456 0.06813546270132065 0.32159966230392456 0.06813546270132065 0.43527209758758545 0.04290206357836723 0.43527209758758545 0.04290206357836723 0.32159966230392456
1 0.42354584733645123 0.06824629257122676 0.5390624999999999 0.06824629257122676 0.5390624999999999 0.0960489908854165 0.42354584733645123 0.0960489908854165 0.42354584733645123 0.06824629257122676
0 0.3331089984802973 0.497710257768631 0.38996233258928553 0.497710257768631 0.38996233258928553 0.5271461123511904 0.3331089984802973 0.5271461123511904 0.3331089984802973 0.497710257768631
1 0.42361536622047424 0.10169649869203568 0.5380452473958333 0.10169649869203568 0.5380452473958333 0.12504069010416652 0.42361536622047424 0.12504069010416652 0.42361536622047424 0.10169649869203568
1 0.4233754674593608 0.0009130569718157257 0.5395711263020833 0.0009130569718157257 0.5395711263020833 0.028910319010416508 0.4233754674593608 0.028910319010416508 0.4233754674593608 0.0009130569718157257
1 0.23914463818073273 0.3221895098686218 0.2638400197029114 0.3221895098686218 0.2638400197029114 0.43585509061813354 0.23914463818073273 0.43585509061813354 0.23914463818073273 0.3221895098686218
1 0.8154305219650269 0.43909090757369995 0.9639439957865168 0.43909090757369995 0.9639439957865168 0.4729195926966292 0.8154305219650269 0.4729195926966292 0.8154305219650269 0.43909090757369995
1 0.42402660846710205 0.13444959620634717 0.5375366210937499 0.13444959620634717 0.5375366210937499 0.15759277343749986 0.42402660846710205 0.15759277343749986 0.42402660846710205 0.13444959620634717
1 0.42607582608858746 0.19949351251125336 0.5360107421874999 0.19949351251125336 0.5360107421874999 0.22320556640624986 0.42607582608858746 0.22320556640624986 0.42607582608858746 0.19949351251125336
1 0.8149901628494263 0.3963860273361206 0.9639439957865168 0.3963860273361206 0.9639439957865168 0.43067503511235955 0.8149901628494263 0.43067503511235955 0.8149901628494263 0.3963860273361206
1 0.8147197365760803 0.22691743075847626 0.966138518258427 0.22691743075847626 0.966138518258427 0.2616968047752809 0.8147197365760803 0.2616968047752809 0.8147197365760803 0.22691743075847626
1 0.07643809169530869 0.32160601019859314 0.10147014260292053 0.32160601019859314 0.10147014260292053 0.43578770756721497 0.07643809169530869 0.43578770756721497 0.07643809169530869 0.32160601019859314
1 0.8137858510017395 0.014600305818021297 0.9650412570224719 0.014600305818021297 0.9650412570224719 0.048828125 0.8137858510017395 0.048828125 0.8137858510017395 0.014600305818021297
1 0.33709123730659485 0.32188037037849426 0.3611381947994232 0.32188037037849426 0.3611381947994232 0.4380837082862854 0.33709123730659485 0.4380837082862854 0.33709123730659485 0.32188037037849426
1 0.8153737187385559 0.3537898361682892 0.9650412570224719 0.3537898361682892 0.9650412570224719 0.38788184691011235 0.8153737187385559 0.38788184691011235 0.8153737187385559 0.3537898361682892
1 0.17410703003406525 0.3227638900279999 0.19910383224487305 0.3227638900279999 0.19910383224487305 0.43697771430015564 0.17410703003406525 0.43697771430015564 0.17410703003406525 0.3227638900279999
1 0.10871940106153488 0.3220246732234955 0.13413308560848236 0.3220246732234955 0.13413308560848236 0.43526503443717957 0.10871940106153488 0.43526503443717957 0.10871940106153488 0.3220246732234955
1 0.8131731748580933 0.0573834627866745 0.9644926264044944 0.0573834627866745 0.9644926264044944 0.08942679073033707 0.8131731748580933 0.08942679073033707 0.8131731748580933 0.0573834627866745
0 0.9182709455490112 0.609258234500885 0.9550260305404663 0.609258234500885 0.9550260305404663 0.6748114824295044 0.9182709455490112 0.6748114824295044 0.9182709455490112 0.609258234500885
0 0.0 0.002190585481002927 0.419921875 0.002190585481002927 0.419921875 0.3170072115384615 0.0 0.3170072115384615 0.0 0.002190585481002927
1 0.009097977039905697 0.32084846038084763 0.0343313761628591 0.32084846038084763 0.0343313761628591 0.4345208956645085 0.009097977039905697 0.4345208956645085 0.009097977039905697 0.32084846038084763
1 0.2691891262164483 0.32035608704273516 0.2950380215278039 0.32035608704273516 0.2950380215278039 0.4341496985692244 0.2691891262164483 0.4341496985692244 0.2691891262164483 0.32035608704273516
1 0.4233754674593608 0.03499101921139906 0.5395711263020834 0.03499101921139906 0.5395711263020834 0.06298828124999986 0.4233754674593608 0.06298828124999986 0.4233754674593608 0.03499101921139906
1 0.8172576420762566 0.18179891049192193 0.9666871488764045 0.18179891049192193 0.9666871488764045 0.21561183286516852 0.8172576420762566 0.21561183286516852 0.8172576420762566 0.18179891049192193
1 0.818002639861589 0.2689938213718071 0.967235779494382 0.2689938213718071 0.967235779494382 0.3017468398876404 0.818002639861589 0.3017468398876404 0.818002639861589 0.2689938213718071
0 0.97087160543131 0.005229133386581538 1.0 0.005229133386581538 1.0 0.49148637820512797 0.97087160543131 0.49148637820512797 0.97087160543131 0.005229133386581538
1 0.997311599114362 0.4956057807978461 1.0 0.4956057807978461 1.0 0.6553883272058824 0.997311599114362 0.6553883272058824 0.997311599114362 0.4956057807978461
1 0.323501473325062 0.4967625620347394 0.33198278535980147 0.4967625620347394 0.33198278535980147 0.5263259925558312 0.323501473325062 0.5263259925558312 0.323501473325062 0.4967625620347394
1 0.39028311503815394 0.49703458501524067 0.3987644270728934 0.49703458501524067 0.3987644270728934 0.5265980155363326 0.39028311503815394 0.5265980155363326 0.39028311503815394 0.49703458501524067
1 0.43262491754617416 0.6173730211081794 0.4192261708443272 0.6173730211081794 0.4192261708443272 0.6853974274406333 0.43262491754617416 0.6853974274406333 0.43262491754617416 0.6173730211081794
1 0.30456381926121373 0.6191766985488126 0.31409754287598945 0.6191766985488126 0.31409754287598945 0.6884894459102903 0.30456381926121373 0.6884894459102903 0.30456381926121373 0.6191766985488126
1 0.710322627314815 0.06759982638888908 0.7370876736111113 0.06759982638888908 0.7370876736111113 0.07628038194444463 0.710322627314815 0.07628038194444463 0.710322627314815 0.06759982638888908
1 0.7099609375000001 0.13415075231481502 0.7370876736111113 0.13415075231481502 0.7370876736111113 0.14246961805555575 0.7099609375000001 0.14246961805555575 0.7099609375000001 0.13415075231481502
1 0.9219111689814816 0.598922164351852 0.952293113425926 0.598922164351852 0.952293113425926 0.608687789351852 0.9219111689814816 0.608687789351852 0.9219111689814816 0.598922164351852
1 0.9208260995370372 0.6752387152777779 0.9530164930555557 0.6752387152777779 0.9530164930555557 0.6850043402777779 0.9208260995370372 0.6850043402777779 0.9208260995370372 0.6752387152777779